%YAML:1.0
---
C0: !!opencv-matrix
   rows: 3
   cols: 3
   dt: d
   data: [ 8.3733998228992698e+02, 0., 3.0563727455005056e+02, 0.,
       8.3549905800643910e+02, 2.2821409199019487e+02, 0., 0., 1. ]
D0: !!opencv-matrix
   rows: 1
   cols: 5
   dt: d
   data: [ 2.1130646065200581e-01, -1.9267886519696613e+00,
       -3.4851701884509531e-04, -1.2060160943547921e-05,
       5.4841847404173416e+00 ]
C1: !!opencv-matrix
   rows: 3
   cols: 3
   dt: d
   data: [ 8.4080508583166772e+02, 0., 2.7394550660477216e+02, 0.,
       8.3941139634090803e+02, 2.5067058314593328e+02, 0., 0., 1. ]
D1: !!opencv-matrix
   rows: 1
   cols: 5
   dt: d
   data: [ 1.5710427750054626e-01, -8.7478450662872209e-01,
       -3.2954038507274036e-03, 4.3002132699212006e-03,
       -2.5123739204816420e-01 ]
R: !!opencv-matrix
   rows: 3
   cols: 3
   dt: d
   data: [ 9.9989875032774678e-01, 9.0226164749404210e-03,
       1.1003703238289838e-02, -8.9532731590871856e-03,
       9.9993985228724236e-01, -6.3348802282818199e-03,
       -1.1060198585422667e-02, 6.2357196628809921e-03,
       9.9991939065483526e-01 ]
T: !!opencv-matrix
   rows: 3
   cols: 1
   dt: d
   data: [ 6.4421456246040833e+01, -1.0018438781893166e+00,
       -4.0606552044186959e+00 ]
E: !!opencv-matrix
   rows: 3
   cols: 3
   dt: d
   data: [ -2.5275563005665757e-02, 4.0541637477254913e+00,
       -1.0274868845786802e+00, -3.3477299651667862e+00,
       -4.3835187597130504e-01, -6.4460945519460722e+01,
       4.2495954674801428e-01, 6.4426620695875783e+01,
       -3.9707821672347376e-01 ]
F: !!opencv-matrix
   rows: 3
   cols: 3
   dt: d
   data: [ -2.5799675727784683e-08, 4.1473487767089242e-06,
       -1.8167942352726757e-03, -3.4228218659944443e-06,
       -4.4917193387083888e-07, -5.4037790592995502e-02,
       1.2297857292123068e-03, 5.4391780722747037e-02, 1. ]
R1: !!opencv-matrix
   rows: 3
   cols: 3
   dt: d
   data: [ 9.9863275378127814e-01, -6.9063630429962537e-03,
       -5.1816264094775119e-02, 6.7384164493992111e-03,
       9.9997146468981157e-01, -3.4151939721533647e-03,
       5.1838372071040292e-02, 3.0613649947860491e-03,
       9.9865079543621904e-01 ]
R2: !!opencv-matrix
   rows: 3
   cols: 3
   dt: d
   data: [ 9.9789915828426778e-01, -1.5518729644346124e-02,
       -6.2900229934202551e-02, 1.5722513417744197e-02,
       9.9987262265502652e-01, 2.7460948249955698e-03,
       6.2849601966748436e-02, -3.7292754235515981e-03,
       9.9801604197399374e-01 ]
P1: !!opencv-matrix
   rows: 3
   cols: 4
   dt: d
   data: [ 7.7490085669123948e+02, 0., 3.4350264739990234e+02, 0., 0.,
       7.7490085669123948e+02, 2.3927970314025879e+02, 0., 0., 0., 1.,
       0. ]
P2: !!opencv-matrix
   rows: 3
   cols: 4
   dt: d
   data: [ 7.7490085669123948e+02, 0., 3.4350264739990234e+02,
       5.0025336949060387e+04, 0., 7.7490085669123948e+02,
       2.3927970314025879e+02, 0., 0., 0., 1., 0. ]
Q: !!opencv-matrix
   rows: 4
   cols: 4
   dt: d
   data: [ 1., 0., 0., -3.4350264739990234e+02, 0., 1., 0.,
       -2.3927970314025879e+02, 0., 0., 0., 7.7490085669123948e+02, 0.,
       0., -1.5490167662044989e-02, 0. ]
